10678.125
4940.625
3871.875
4921.875
4579.6875
2353.125
3140.625
2737.5
3445.3125
6051.5625
6867.1875
2760.9375
2217.1875
3515.625
2629.6875
5906.25
2728.125
3323.4375
5100
1785.9375
3895.3125
6210.9375
3506.25
2925
4560.9375
6928.125
4415.625
5671.875
3932.8125
2920.3125
7068.75
3257.8125
2737.5
4021.875
1125
3975
2531.25
5184.375
5685.9375
6196.875
998.4375
3857.8125
2995.3125
3351.5625
4031.25
5156.25
4762.5
4425
4598.4375
3032.8125
3107.8125
2578.125
3271.875
5746.875
5128.125
2048.4375
3478.125
6079.6875
2198.4375
4303.125
3271.875
5610.9375
4359.375
5517.1875
3089.0625
2601.5625
468745.3125
4964.0625
4645.3125
4828.125
4509.375
3435.9375
3131.25
3520.3125
4256.25
3665.625
4218.75
3810.9375
3445.3125
5690.625
7870.3125
5123.4375
3393.75
3234.375
2282.8125
3745.3125
4050
3623.4375
3585.9375
4800
4204.6875
4804.6875
6989.0625
5179.6875
5606.25
5535.9375
6557.8125
5835.9375
5906.25
5025
3820.3125
4603.125
4275
4870.3125
3239.0625
3881.25
3215.625
4242.1875
5076.5625
4762.5
4893.75
5071.875
2460.9375
2793.75
3801.5625
4481.25
3398.4375
2695.3125
3000
3839.0625
6553.125
4725
5901.5625
3351.5625
3834.375
3895.3125
5423.4375
2690.625
3084.375
6009.375
3951.5625
4584.375
4945.3125
5118.75
5189.0625
4823.4375
3393.75
5840.625
4176.5625
2789.0625
3234.375
2203.125
2540.625
6112.5
2690.625
2310.9375
4148.4375
3229.6875
1612.5
4185.9375
5887.5
8048.4375
2845.3125
